Index,Eigenvalue,Difference,Proportion,Cumulative,AUC
1,1.9516,-0.8498,0.1951,0.1951,0.5833
2,1.1018,-0.0159,0.1102,0.3053,0.7023
3,1.086,-0.0368,0.1086,0.4138,0.7151
4,1.0492,-0.054,0.1049,0.5187,0.8229
5,0.9952,-0.0673,0.0995,0.6182,0.6722
6,0.9278,-0.0582,0.0928,0.711,0.7515
7,0.8696,-0.0333,0.0869,0.7979,0.7264
8,0.8363,-0.0647,0.0836,0.8815,0.7562
9,0.7715,-0.3577,0.0771,0.9586,0.7011
10,0.4138,-0.4138,0.0414,1.0,0.7104
